one solution is
[1 4 6 2 0 7 3 5 8]
[1 4 6 2 5 7 3 0 8]
[1 4 6 2 5 7 3 8 0]
[1 4 6 2 5 0 3 8 7]
[1 4 0 2 5 6 3 8 7]
[1 0 4 2 5 6 3 8 7]
[1 5 4 2 0 6 3 8 7]
[1 5 4 2 6 0 3 8 7]
[1 5 4 2 6 7 3 8 0]
[1 5 4 2 6 7 3 0 8]
[1 5 4 2 0 7 3 6 8]
[1 0 4 2 5 7 3 6 8]
[1 4 0 2 5 7 3 6 8]
[1 4 7 2 5 0 3 6 8]
[1 4 7 2 5 8 3 6 0]
one solution is
[1 4 6 2 0 7 3 5 8]
[1 0 6 2 4 7 3 5 8]
[1 6 0 2 4 7 3 5 8]
[1 6 7 2 4 0 3 5 8]
[1 6 7 2 4 8 3 5 0]
[1 6 7 2 4 8 3 0 5]
[1 6 7 2 0 8 3 4 5]
[1 0 7 2 6 8 3 4 5]
[1 7 0 2 6 8 3 4 5]
[1 7 8 2 6 0 3 4 5]
[1 7 8 2 0 6 3 4 5]
[1 7 8 2 4 6 3 0 5]
[1 7 8 2 4 6 3 5 0]
[1 7 8 2 4 0 3 5 6]
[1 7 0 2 4 8 3 5 6]
[1 0 7 2 4 8 3 5 6]
[1 4 7 2 0 8 3 5 6]
[1 4 7 2 5 8 3 0 6]
[1 4 7 2 5 8 3 6 0]
