1 th solution is
 1  5  9 13  0  2  6 14  3  7 10 15  4  8 11 12
 1  5  9 13  2  0  6 14  3  7 10 15  4  8 11 12
 1  5  9 13  2  6  0 14  3  7 10 15  4  8 11 12
 1  5  9 13  2  6 10 14  3  7  0 15  4  8 11 12
 1  5  9 13  2  6 10 14  3  7 11 15  4  8  0 12
 1  5  9 13  2  6 10 14  3  7 11 15  4  8 12  0
2 th solution is
 1  5  9 13  0  2  6 14  3  7 10 15  4  8 11 12
 1  5  9 13  2  0  6 14  3  7 10 15  4  8 11 12
 1  5  9 13  2  6  0 14  3  7 10 15  4  8 11 12
 1  5  9 13  2  6 10 14  3  7  0 15  4  8 11 12
 1  5  9 13  2  6 10 14  3  7 15  0  4  8 11 12
 1  5  9 13  2  6 10 14  3  7 15 12  4  8 11  0
 1  5  9 13  2  6 10 14  3  7 15 12  4  8  0 11
 1  5  9 13  2  6 10 14  3  7  0 12  4  8 15 11
 1  5  9 13  2  6 10 14  3  7 12  0  4  8 15 11
 1  5  9 13  2  6 10 14  3  7 12 11  4  8 15  0
 1  5  9 13  2  6 10 14  3  7 12 11  4  8  0 15
 1  5  9 13  2  6 10 14  3  7  0 11  4  8 12 15
 1  5  9 13  2  6 10 14  3  7 11  0  4  8 12 15
 1  5  9 13  2  6 10 14  3  7 11 15  4  8 12  0
