1 th solution is
 0  1  9 13  2  5  6 10  3  7 11 14  4  8 12 15
 1  0  9 13  2  5  6 10  3  7 11 14  4  8 12 15
 1  5  9 13  2  0  6 10  3  7 11 14  4  8 12 15
 1  5  9 13  2  6  0 10  3  7 11 14  4  8 12 15
 1  5  9 13  2  6 10  0  3  7 11 14  4  8 12 15
 1  5  9 13  2  6 10 14  3  7 11  0  4  8 12 15
 1  5  9 13  2  6 10 14  3  7 11 15  4  8 12  0
2 th solution is
 0  1  9 13  2  5  6 10  3  7 11 14  4  8 12 15
 1  0  9 13  2  5  6 10  3  7 11 14  4  8 12 15
 1  9  0 13  2  5  6 10  3  7 11 14  4  8 12 15
 1  9  6 13  2  5  0 10  3  7 11 14  4  8 12 15
 1  9  6 13  2  5 10  0  3  7 11 14  4  8 12 15
 1  9  6 13  2  5 10 14  3  7 11  0  4  8 12 15
 1  9  6 13  2  5 10 14  3  7 11 15  4  8 12  0
 1  9  6 13  2  5 10 14  3  7 11 15  4  8  0 12
 1  9  6 13  2  5 10 14  3  7  0 15  4  8 11 12
 1  9  6 13  2  5  0 14  3  7 10 15  4  8 11 12
 1  9  0 13  2  5  6 14  3  7 10 15  4  8 11 12
 1  0  9 13  2  5  6 14  3  7 10 15  4  8 11 12
 1  5  9 13  2  0  6 14  3  7 10 15  4  8 11 12
 1  5  9 13  2  6  0 14  3  7 10 15  4  8 11 12
 1  5  9 13  2  6 10 14  3  7  0 15  4  8 11 12
 1  5  9 13  2  6 10 14  3  7 11 15  4  8  0 12
 1  5  9 13  2  6 10 14  3  7 11 15  4  8 12  0
